158,159
156,157
154,155
152,153
150,151
148,149
146,147
144,145
142,143
140,141
138,139
136,137
134,135
132,133
130,131
128,129
126,127
124,125
122,123
121,160
119,163
161,182
161,162
117,164
115,165
113,166
111,167
109,168
107,169
105,170
103,171
101,172
99,173
97,174
95,175
93,176
91,177
89,178
87,179
85,180
80,120
163,203
157,158
155,156
153,154
151,152
149,150
147,148
145,146
143,144
141,142
139,140
137,138
135,136
133,134
131,132
129,130
127,128
125,126
123,124
121,122
83,181
81,120
160,204
159,160
123,162
122,185
118,205
116,206
114,207
112,208
110,209
108,210
106,211
104,212
102,213
100,214
98,215
96,216
94,217
92,218
90,219
88,220
86,221
84,222
82,223
80,184
79,157
77,155
75,153
73,151
71,149
69,147
67,145
65,143
63,141
61,139
59,137
57,135
55,133
53,131
49,127
47,125
51,129
42,225
41,119
41,183
