102,114
74,80
120,123
79,158
51,87
50,88
27,152
15,83
69,124
20,57
14,19
117,162
107,142
10,147
138,155
70,129
35,64
30,100
135,145
105,122
96,160
92,97
40,99
128,133
103,118
78,127
62,144
54,139
24,132
39,101
37,38
29,121
113,126
110,130
46,131
33,161
23,119
148,149
72,73
34,153
109,125
71,93
49,134
86,98
75,95
68,104
65,76
53,140
61,89
52,115
48,63
47,58
45,81
36,156
18,112
90,108
59,157
94,154
56,141
106,151
43,44
67,111
17,146
25,116
22,32
137,159
60,150
13,42
11,16
9,85
7,28
143,163
55,82
31,41
6,26
91,136
84,191
77,169
12,167
3,230
66,194
164,170
168,188
5,180
165,184
8,166
183,206
173,204
171,199
186,195
178,200
177,179
174,209
182,210
175,189
172,201
196,207
193,198
185,215
181,202
187,197
111,205
190,214
176,212
192,221
77,224
4,235
208,238
203,236
74,222
73,217
48,108
211,220
81,213
52,218
46,136
232,234
219,233
116,229
112,166
92,165
66,159
65,102
56,226
49,161
44,142
32,216
192,228
138,223
137,187
128,139
104,143
100,145
95,115
76,174
72,172
63,239
61,94
54,144
30,91
21,26
16,121
10,126
7,67
4,82
182,227
152,176
150,177
135,140
132,225
123,124
110,119
107,189
84,148
75,97
70,85
68,156
62,175
55,118
45,171
36,113
34,181
27,231
25,229
24,146
12,35
8,242
154,241
153,190
131,133
130,173
120,184
106,157
101,141
99,195
93,149
87,193
53,88
43,226
42,237
37,61
28,47
23,58
17,109
213,246
196,240
159,208
158,222
122,247
103,197
96,98
78,168
71,203
60,185
50,188
31,179
22,80
20,164
19,69
5,18
198,245
162,233
151,194
134,218
127,205
117,147
86,225
74,170
59,243
40,89
33,244
29,160
14,129
9,143
186,211
180,201
178,202
160,220
125,265
105,219
103,167
86,210
79,264
57,214
51,169
45,178
39,209
38,221
25,43
24,207
19,113
1,21
223,252
216,251
215,234
204,274
183,259
181,248
163,263
163,197
156,199
155,217
151,245
150,185
136,176
123,183
120,249
116,135
114,235
112,137
110,207
102,212
90,133
83,164
82,228
80,140
75,130
68,148
60,227
58,231
57,67
55,85
52,56
35,126
26,142
17,232
15,200
254,305
236,273
206,258
168,257
147,149
146,173
144,190
139,157
134,250
132,253
131,303
129,260
128,167
124,165
121,270
119,224
117,271
109,171
104,205
101,107
99,180
91,261
84,125
77,201
64,262
64,177
62,284
59,255
51,52
50,79
49,158
48,256
47,81
46,90
41,266
37,313
36,175
34,225
33,170
31,39
22,89
20,40
14,92
12,276
315,316
251,267
220,241
218,354
214,233
208,282
191,326
189,198
187,211
185,216
182,291
169,269
162,188
161,227
153,212
127,197
124,145
118,141
111,323
108,240
97,203
96,193
95,289
93,279
88,171
84,198
83,200
82,213
78,256
78,153
76,192
72,203
71,172
69,237
66,191
63,336
62,137
55,186
42,127
38,348
34,297
32,85
23,118
18,330
17,138
13,283
13,150
12,114
9,41
5,100
2,306
280,362
268,373
265,307
258,341
257,343
255,275
248,286
243,322
234,318
231,324
224,246
222,311
221,254
217,302
217,238
204,363
204,253
202,227
193,317
184,223
179,288
176,337
174,345
168,219
166,272
164,309
163,242
161,470
157,199
155,260
154,196
152,202
151,262
151,183
149,285
147,300
131,367
130,281
128,195
125,339
122,338
121,141
116,298
115,244
109,155
107,301
106,337
106,252
105,299
98,349
94,387
94,239
90,350
84,304
83,178
80,206
77,231
77,157
76,104
73,189
73,117
72,228
70,369
65,174
60,247
58,145
54,162
53,278
50,156
44,466
44,56
40,61
36,120
31,113
30,154
29,328
28,169
28,122
19,353
16,237
16,33
15,360
15,241
9,138
8,209
6,457
4,215
394,402
380,491
378,410
364,425
342,371
327,331
319,375
319,355
311,423
308,321
297,335
294,391
293,393
293,372
292,320
287,480
281,333
276,294
268,434
263,377
261,347
261,334
259,359
256,278
255,327
250,314
250,263
248,388
242,396
241,360
236,249
226,277
223,240
221,312
219,361
213,223
212,312
210,274
204,310
201,288
200,428
195,270
194,459
187,390
186,232
186,225
182,211
181,463
180,222
179,253
172,300
169,232
160,397
159,386
158,384
156,210
152,260
149,229
148,196
146,329
145,177
144,192
143,243
142,461
140,370
140,295
139,421
134,450
134,217
130,216
129,332
127,194
125,228
123,255
116,296
115,307
115,268
114,389
112,254
112,126
111,119
110,356
109,239
108,166
105,247
103,395
103,170
101,271
99,207
98,200
97,443
96,129
94,96
93,409
93,340
89,155
87,290
86,309
85,280
79,208
75,403
75,102
71,167
70,252
68,289
66,417
66,205
65,392
64,366
63,365
59,266
55,351
54,220
49,150
48,269
47,357
47,235
46,158
41,401
40,165
39,45
38,97
38,53
37,244
32,429
32,59
29,368
27,385
26,304
26,249
25,67
24,122
23,166
22,406
21,190
21,184
20,43
18,374
18,339
16,87
15,27
14,131
11,497
11,334
10,310
8,64
7,104
6,283
5,460
2,74
716,761
543,555
534,535
524,600
517,519
500,719
493,607
468,580
465,659
458,469
456,515
453,464
442,611
430,618
424,582
422,471
381,420
379,594
362,541
359,432
358,399
347,426
346,574
345,447
333,412
329,344
325,472
325,460
320,606
317,408
316,346
314,587
313,411
311,755
308,446
302,562
301,710
300,420
299,387
296,709
295,375
294,522
290,752
281,508
280,292
277,352
275,449
274,416
272,424
267,560
267,381
264,326
262,368
259,295
258,328
257,503
251,351
250,335
247,333
246,404
246,291
245,258
238,701
236,331
230,317
224,376
219,438
218,405
215,284
214,567
214,346
211,452
209,474
208,303
206,595
202,329
199,722
199,361
195,549
194,352
192,193
190,414
190,367
189,504
188,475
188,308
187,234
183,216
182,414
180,657
180,340
176,444
175,282
173,619
173,389
173,218
172,270
172,248
170,427
167,305
165,383
164,441
162,264
161,196
153,551
150,296
149,392
148,462
147,473
146,777
146,179
143,464
141,570
141,187
139,569
139,235
138,299
137,787
137,199
136,608
136,448
133,290
132,226
128,273
126,512
126,454
124,304
124,232
123,377
122,622
121,601
120,426
118,318
118,298
117,217
115,252
112,435
112,322
111,326
111,168
110,764
110,671
108,556
108,122
107,144
105,213
99,490
98,505
96,478
95,544
95,175
92,445
92,364
91,324
91,289
89,163
88,532
88,398
87,203
87,114
86,423
83,292
81,530
80,751
78,332
75,511
72,287
70,109
65,244
64,382
63,133
62,328
59,227
58,286
57,547
57,272
56,192
55,418
54,365
53,224
51,416
50,355
49,540
48,85
47,76
46,861
45,82
44,61
42,527
42,287
39,60
37,565
36,95
33,98
32,266
31,641
31,342
30,265
30,210
29,378
28,260
28,206
27,455
26,358
25,41
24,338
23,323
22,578
22,29
20,356
16,271
14,276
14,67
13,277
12,66
10,573
10,513
10,136
10,100
9,38
8,9
7,609
6,906
5,240
4,237
3,91
2,230
967,979
963,986
902,950
819,952
801,890
800,929
798,908
797,994
795,987
791,991
788,853
781,813
776,921
775,1000
772,959
767,1002
766,1004
762,836
759,996
757,806
754,1007
754,1005
750,870
744,897
739,830
733,867
730,998
729,837
729,821
728,942
726,918
725,809
721,882
718,968
712,717
707,926
706,847
699,973
694,747
692,783
691,796
686,723
682,786
681,702
675,851
666,685
662,738
660,771
655,769
655,715
654,708
650,949
643,891
639,850
638,803
637,704
633,922
632,1010
627,889
624,1014
624,866
623,693
621,930
620,875
617,855
614,984
606,661
605,741
604,878
603,743
602,939
597,948
596,790
594,689
593,828
592,1046
592,665
590,1064
589,793
585,1027
584,1049
575,713
572,974
566,591
563,612
561,827
559,969
557,792
556,581
552,583
551,839
546,670
545,975
545,881
542,802
538,602
538,553
537,763
534,579
532,663
529,1066
529,550
528,653
526,617
525,883
525,720
523,785
521,656
520,840
520,758
516,625
514,740
514,687
510,838
509,774
509,636
506,736
504,779
503,524
502,972
501,768
499,1105
498,536
496,899
495,901
492,612
491,914
490,845
489,1113
489,576
488,599
486,672
486,487
485,1089
485,980
483,494
482,588
481,971
479,988
478,940
477,647
476,1040
476,616
475,789
472,814
471,668
469,554
467,705
462,872
461,608
459,558
458,1077
456,820
455,691
453,822
451,904
451,834
450,668
448,1071
447,1122
447,605
440,773
440,688
439,1035
439,962
437,673
433,707
431,673
431,497
429,708
428,697
427,957
424,690
419,1094
418,643
417,941
415,977
415,925
415,515
413,745
413,522
412,652
408,507
407,810
407,746
405,1148
405,550
404,700
404,572
401,652
400,825
398,915
397,626
394,720
393,843
390,642
390,437
388,400
386,676
386,451
385,669
384,873
383,539
379,631
379,498
376,1052
376,398
374,817
373,438
372,575
372,382
370,616
370,531
364,728
363,694
359,674
357,411
357,402
356,449
354,539
350,732
350,352
349,1088
349,427
348,435
344,1104
344,520
343,610
342,421
341,1015
340,468
338,1133
336,1174
335,741
333,931
332,946
332,613
331,935
330,1137
330,780
327,958
324,568
324,357
322,649
321,1068
321,407
320,868
318,799
315,951
314,583
312,644
310,859
309,422
309,380
306,1016
306,896
303,305
302,585
300,871
295,654
293,629
293,307
291,680
290,431
289,630
288,1115
288,445
286,678
285,864
285,804
284,430
282,1155
279,884
279,648
279,588
278,1251
278,577
277,521
275,412
274,495
273,595
273,325
272,711
272,610
271,1129
269,1065
269,724
268,406
264,487
262,1241
262,1009
261,1194
261,702
258,419
256,467
254,805
254,452
253,961
253,640
250,927
249,564
249,536
249,375
248,369
245,1056
245,483
244,1182
243,1218
243,487
242,981
240,1067
239,924
239,502
238,770
237,857
236,928
235,1178
234,677
234,403
233,1053
232,910
229,1114
229,287
228,517
228,353
227,443
226,233
225,259
224,576
223,1263
223,807
222,251
221,1153
220,886
219,385
218,1146
216,912
216,564
216,516
215,756
214,1061
214,537
213,683
212,571
212,344
211,735
211,409
211,257
209,518
207,753
207,698
206,649
205,808
205,552
205,250
203,418
202,1319
202,1018
201,1266
201,336
200,620
198,815
198,341
197,510
196,734
196,366
195,486
192,528
191,1256
191,944
191,892
190,1346
190,598
188,849
186,530
186,301
185,677
184,863
183,626
182,231
181,1223
179,1211
179,1083
178,433
177,911
177,253
176,703
176,426
176,338
174,1151
174,854
174,410
172,670
171,1037
170,523
169,180
168,561
167,985
166,833
165,614
165,543
164,548
164,356
162,1234
161,238
160,400
159,903
159,507
159,399
158,275
156,858
155,168
154,856
154,523
154,321
153,346
153,342
152,960
152,934
152,913
151,919
151,167
149,1134
148,383
146,282
145,1351
145,1348
145,674
143,1259
143,541
142,1141
142,598
142,340
140,283
139,275
138,351
136,1026
135,1381
135,877
135,434
134,1252
134,488
132,831
132,613
131,1228
131,442
130,518
128,336
127,263
125,1206
125,1154
125,604
124,499
123,1237
123,760
122,1060
121,535
120,494
119,1326
118,259
117,1171
116,270
116,263
114,644
114,267
113,669
113,209
111,1295
111,511
110,1393
110,603
108,714
107,586
106,1285
106,943
106,893
105,842
103,388
103,252
102,1360
102,1356
102,982
101,554
101,191
101,166
100,1147
100,625
100,316
99,667
99,581
98,170
97,700
97,695
97,220
96,329
95,578
94,954
94,482
93,1287
93,916
93,832
93,413
92,1449
92,473
91,367
90,1334
90,391
89,1457
89,750
89,484
88,158
87,1324
86,1051
86,251
84,469
84,194
83,533
81,824
81,436
80,1117
79,1487
79,1437
79,266
78,1439
77,462
76,1491
75,1447
73,1472
73,210
71,1084
71,794
71,736
71,310
70,887
69,1073
69,679
69,651
68,1470
68,1172
68,279
66,303
65,1201
65,1013
64,199
63,395
62,222
60,983
60,294
59,1270
58,1391
57,841
56,378
55,844
55,120
54,956
54,307
53,548
53,322
52,1264
52,141
51,945
51,468
50,885
49,676
49,374
48,1100
48,566
47,457
47,343
46,1477
46,684
46,259
45,1294
45,254
45,177
44,1552
44,1191
43,811
42,53
41,63
40,1452
40,1139
39,593
37,267
36,1522
36,1402
36,292
35,1363
35,1246
35,1186
35,362
34,117
34,87
33,91
31,1432
31,749
30,1333
30,662
30,240
29,400
29,155
27,1479
27,732
27,477
26,439
25,319
24,739
24,560
23,965
23,228
21,680
20,1576
20,923
19,458
19,78
18,1242
18,131
18,73
18,23
17,1230
17,1169
17,635
14,1461
14,658
13,812
13,184
12,540
11,1298
11,1130
11,446
11,164
8,286
7,301
7,231
6,160
6,98
5,152
3,88
2,611
3,519
1,1215
3,344
